

~~~~~~~N~~~~~~~
200.0-6000.0    | 
      -6.628192145e+03,
       6.442983029e+01,
       2.296585079e+00,
       2.633617182e-04,
      -1.494684969e-07,
       3.508661739e-11,
      -2.326918947e-15,
       2.598095484e+05,
       5.459808266e+00,
6000.0-13000.0  | 
      -8.986117510e+07,
       5.616959625e+04,
      -6.080029227e+00,
      -1.612167671e-03,
       6.450421065e-07,
      -6.545795363e-11,
       2.217938167e-15,
      -1.909312015e+05,
       8.915383008e+01,
13000.0-21000.0 | 
      -7.333073172e+01,
      -6.619871415e+06,
       2.633701319e+03,
      -3.862153673e-01,
       2.651370605e-05,
      -8.542294764e-10,
       1.041782501e-14,
       4.731658752e+07,
      -2.209695702e+04,
21000.0-50000.0 | 
       2.237833875e+02,
      -3.802198766e+05,
       2.362943421e+02,
      -1.963821910e-02,
       6.621776233e-07,
      -1.010411925e-11,
       5.814826357e-17,
       1.957203515e+06,
      -2.040153713e+03,


~~~~~~~N+~~~~~~~
200.0-6000.0    | 
       6.230133087e+03,
      -6.614187685e+00,
       2.510580305e+00,
       4.224608233e-06,
      -1.527315087e-08,
       6.923035823e-12,
      -6.102915638e-16,
       3.941394879e+05,
       4.927142286e+00,
6000.0-24000.0  | 
      -8.601347174e+03,
      -6.355184215e+02,
       3.116244490e+00,
      -1.708287066e-04,
       2.995246933e-08,
      -1.995948976e-12,
       4.423270447e-17,
       3.977407425e+05,
       2.194941822e-01,
24000.0-38000.0 | 
       1.000000000e+00,
      -1.722702263e+07,
       2.471540718e+03,
      -1.276156025e-01,
       2.662657497e-06,
      -1.241928825e-11,
      -1.496620979e-16,
       1.406435316e+08,
      -2.324903599e+04,
38000.0-50000.0 | 
       1.000000000e+00,
       7.169061150e+00,
      -2.648673963e+03,
       2.279201920e-01,
      -7.205324927e-06,
       1.000810794e-10,
      -5.176198451e-16,
       2.452830894e+07,
       2.294714583e+04,


~~~~~~~O~~~~~~~
200.0-6000.0    | 
       1.073051942e+03,
       5.646950518e+01,
       2.411165914e+00,
       7.726572113e-05,
      -4.045453851e-08,
       1.062349740e-11,
      -8.053411948e-16,
       1.492611396e+05,
       5.806878543e+00,
6000.0-14000.0  | 
       2.470694171e+02,
       2.791574285e+03,
       5.097361444e-01,
       4.787215966e-04,
      -3.869568671e-08,
       9.739250669e-13,
       1.090542877e-17,
       1.313796878e+05,
       2.079414491e+01,
14000.0-25000.0 | 
      -5.393647898e+03,
       3.198727237e+02,
       8.035616356e-01,
       7.813281918e-04,
      -1.003218318e-07,
       5.063922338e-12,
      -8.014952233e-17,
       1.480885079e+05,
       1.674886097e+01,
25000.0-50000.0 | 
      -1.057118304e+03,
       5.360566995e+04,
      -4.612448533e+01,
       4.468895876e-03,
      -1.410820365e-07,
       1.886199735e-12,
      -9.149305686e-18,
       1.326425001e+04,
       4.242687119e+02,


~~~~~~~O+~~~~~~~
200.0-14000.0   | 
       2.327024056e+04,
      -1.803281032e+02,
       2.861990984e+00,
      -2.184738458e-04,
       3.991844269e-08,
      -1.050774113e-12,
      -2.792580661e-17,
       1.850460440e+06,
       1.920804649e+00,
14000.0-32000.0 | 
       1.214419780e+04,
      -6.605028531e+03,
       6.543815704e+00,
      -6.031634285e-04,
       5.933838532e-08,
      -2.607743320e-12,
       4.050422581e-17,
       1.887778785e+06,
      -2.943841598e+01,
32000.0-50000.0 | 
       1.000000000e+00,
      -5.961841520e+05,
       5.469043668e+02,
      -4.661971897e-02,
       1.476448005e-06,
      -1.935529740e-11,
       8.652586594e-17,
       2.875519858e+06,
      -4.735454876e+03,
